intrinsic:
926.0774422800577 0.0 356.0891925607645 
0.0 925.7752194392244 355.24923198531565 
0.0 0.0 1.0 
distortion:
-0.013959821820868506 1.4192899312188747 -0.003533980225025572 -0.0035674091977424003 -6.394324137393883 
